154.930274 1635.962645
153.889857 1638.831369
153.009460 1643.191700
151.035428 1654.994894
150.036844 1655.662044
148.906062 1659.748075
147.688518 1688.500199
155.326270 1642.981449
153.968406 1647.757873
153.162909 1651.312394
152.640684 1657.522821
152.036843 1658.498292
151.276099 1660.593056
150.408607 1665.642798
149.964914 1694.919146
148.893742 1694.951618
147.790922 1700.042501
147.785943 1726.165434
156.039703 1647.196596
156.018180 1647.371315
155.015548 1647.815992
154.062540 1648.033851
153.489297 1652.937663
152.201283 1658.838581
151.502852 1674.459737
151.109907 1677.713519
150.546082 1682.800832
150.531498 1693.981132
150.216076 1699.127852
148.905295 1707.639580
148.762332 1719.248881
148.071853 1720.950330
159.759143 1647.596595
157.994996 1648.499939
156.006048 1648.878181
155.160000 1650.486742
154.725275 1653.609469
154.710552 1660.054002
154.083138 1660.575098
152.676783 1660.633170
152.272945 1668.159309
151.903033 1683.006902
151.089205 1688.544718
150.493064 1701.515386
149.424127 1708.024957
149.173368 1709.009695
149.154930 1710.797556
148.807149 1725.174451
156.064653 1649.556643
156.053215 1651.158161
154.762184 1656.315055
152.695884 1662.017887
152.308528 1673.434490
151.203335 1689.598806
151.122134 1699.492510
150.674471 1701.649118
150.553961 1708.917613
149.994573 1711.486627
149.220803 1714.320342
149.082835 1727.355832
156.347654 1650.665943
156.068052 1654.875726
155.752528 1656.424331
155.022730 1657.433284
155.004545 1660.291324
154.910182 1662.348584
153.561426 1665.608625
153.309108 1666.836208
152.715425 1677.052731
152.428660 1681.571704
151.218621 1690.425382
150.813592 1704.859383
150.752606 1706.245896
150.752463 1712.795573
150.712778 1713.064790
150.113550 1714.975306
149.389600 1715.370920
149.307289 1715.471370
158.707455 1651.996109
156.865570 1653.710887
155.715565 1657.816942
155.269179 1658.522644
155.087290 1659.077083
153.783868 1665.991929
153.633342 1677.909385
153.310482 1678.993439
153.206409 1681.866491
153.032034 1686.345574
152.710782 1689.479802
151.256759 1694.544138
150.796555 1706.442244
150.485605 1715.978022
150.422587 1716.189677
150.104280 1722.703640
149.880251 1725.456859
149.416416 1734.891510
155.997537 1657.996413
149.641559 1750.497310
153.123164 1687.031525
151.888274 1711.585086
