144.371602 1598.639256
150.34546 1581.715259
146.776106 1589.135163
142.835464 1612.935775
101.658933 1696.375528
101.590708 1698.294658
101.59131 1696.951545
102.917901 1671.523614
101.875715 1689.716489
101.800061 1693.155537
103.253272 1651.326518
102.282817 1678.70196
103.328769 1649.594848
102.107297 1682.709876
102.107482 1682.680404
101.587572 1699.417607
103.481221 1645.808684
101.993019 1686.084056
102.970806 1671.00098
102.910345 1671.830692
102.299812 1676.891733
102.021862 1683.884704
101.866667 1687.004322
102.268871 1681.640947
101.345907 1705.751548
101.367025 1705.049483
100.931482 1716.128846
101.335338 1707.140686
100.416998 1717.715914
101.217162 1707.68775
99.847669 1736.133061
99.760727 1747.73678
99.900675 1732.76676
99.961894 1729.955685
99.954007 1730.106041
100.946303 1711.758859
100.250512 1725.724027
100.258966 1725.123299
100.276548 1720.53276
100.288011 1719.873579
98.186117 1762.810703
98.193509 1755.382719
99.740654 1748.715845
98.285965 1750.059574
100.719019 1716.483557
98.175123 1766.072935
105.87873 1634.415501
105.98216 1632.938996
105.663262 1637.111317
105.568536 1640.740159
106.001915 1631.442993
105.412236 1643.711186
105.689421 1636.014373
105.691255 1635.5163
105.604285 1639.326576
105.578126 1640.544957
105.517871 1642.503246
106.051355 1630.128975
105.646411 1637.258086
105.74301 1634.716206
106.016587 1631.351635
106.080725 1630.065705
106.148255 1629.079888
106.479268 1627.735702
106.042344 1631.17348
105.679354 1636.766894
106.471716 1627.742814
106.686163 1626.407604
106.534865 1626.714789
103.247089 1670.907472
